37 30 36 38 30 32 39 30 30 33 37 36 - Neon Orange
37 30 36 38 30 32 39 30 30 34 33 37 - Army Green
37 30 36 38 30 32 39 30 30 32 37 37 - True Green
37 30 36 38 30 32 39 30 30 30 31 37 - Transluscent Blue
37 30 36 38 30 32 39 30 30 39 37 30 - True White
37 30 36 38 30 32 39 30 30 39 38 37 - True Yellow
37 30 36 38 30 32 39 30 30 30 39 33 - Natural
37 30 36 38 30 32 39 30 30 39 35 36 - True purple
37 30 36 38 30 32 39 30 30 33 36 39 - Neon Pink
37 30 36 38 30 32 39 30 30 30 34 38 - Translucent Purple
37 30 36 38 30 32 39 30 30 30 37 39 - Glow in the dark
37 30 36 38 30 32 39 30 31 39 33 39 - Peach
37 30 36 38 30 32 39 30 30 34 35 31 - Khaki
37 30 36 38 30 32 39 30 30 37 39 36 - XXL True White
37 30 36 38 30 32 39 30 30 39 36 33 - True Red
37 30 36 38 30 32 39 30 30 39 32 35 - True Black
37 30 36 38 30 32 39 30 30 30 32 34 - Transluscent Red
37 30 36 38 30 32 39 30 30 39 34 39 - True Orange
37 30 36 38 30 32 39 30 31 39 34 36 - Light Brown
37 30 36 38 30 32 39 30 31 39 35 33 - True Brown
37 30 36 38 30 32 39 30 30 30 36 32 - Cool Grey
37 30 36 38 30 32 39 30 30 39 35 36 - True Purple
